1) Эрдёша-Реньи с разной вероятностью;

При p=0.01 (время обхода графа 345мин, файл с графом 0,5Гб), N=10^5:
1 50047382
2 654714609
3 220713
infPath 0


При p=0.02 (время обхода графа 611мин, файл с графом 1,5Гб), N=10^5:
1 100097809
2 604884894
3 1
infPath 0 // бесконечные пути (несвязанные)


При p=0.01, N=100:
1 47
2 41
3 40
4 39
5 39
6 32
7 26
8 22
9 11
10 6
11 3
infPath 4644

2) Барабаши-Альберт с разными minConnectionCount:

minConnectionCount = 2, maxConnectionCount = 32, N = 10^4:
1 19997
2 142856
3 910341
4 5017920
5 16568671
6 20736877
7 6309390
8 288173
9 775
infPath 0

minConnectionCount = 1, maxConnectionCount = INF, N = 10^5:
1 99999
2 948648
3 5675681
4 21562007
5 59648756
6 129367834
7 230923993
8 351164832
9 466992370
10 553890407
11 594849385
12 585149346
13 531532784
14 448063950
15 350984358
16 255518728
17 172899910
18 108917810
19 63980746
20 35102281
21 17963961
22 8555149
23 3777180
24 1539524
25 573581
26 192966
27 57179
28 13911
29 2469
30 243
31 12


minConnectionCount = 2, maxConnectionCount = INF, N = 10^5:
1 199997
2 2786251
3 31065351
4 243493198
5 1082090829
6 2130591121
7 1343527783
8 164700717
9 1494704
10 49


minConnectionCount = 4, maxConnectionCount = INF, N = 10^5:
1 399990
2 9716358
3 191594334
4 1685250954
6 269925840
7 13069


minConnectionCount = 8, maxConnectionCount = INF, N = 10^5 (35 минуты моделирования - 11 рост и 24 обход):
1 799964
2 33605577
3 959761849
5 271923631


3) Для модели, которая растёт как Барабаши-Альберт, но максимальная степень хаба ограничена (maxConnectionCount);

minConnectionCount = 1, maxConnectionCount = 8, N = 10^5:
1 99999
2 280779
3 610717
4 1356359
5 2908127
6 6149877
7 12980196
8 27205883
9 55037487
10 104235456
11 181191527
12 285908541
13 406995054
14 521275034
15 601171697
16 625387779
17 588192195
18 501629482
19 389414712
20 276415406
21 180390043
22 108908939
23 61194188
24 32171532
25 15907401
26 7427933
27 3285515
28 1375334
29 543585
30 201745
31 69060
32 21297
33 5736
34 1217
35 160
36 8


minConnectionCount = 2, maxConnectionCount = 16, N = 10^5:
1 199997
2 1262867
3 6718767
4 39077078
5 210204023
6 877472475
7 2070276747
8 1618729669
9 175503867
10 504510


minConnectionCount = 4, maxConnectionCount = 32, N = 10^5:
1 399990
2 5005574
3 54766649
4 541013774
6 1843026361
7 14151516