1 99999
2 1126779
3 6051624
4 21887648
5 60664068
6 135777730
7 252998527
8 400102621
9 545067935
10 648087525
11 680023168
12 635746966
13 534141689
14 406283727
15 281631265
16 178849452
17 104458616
18 56319104
19 28121165
20 13056961
21 5673987
22 2325102
23 911573
24 345053
25 127660
26 46115
27 16026
28 5452
29 1735
30 546
31 142
32 35
33 5
infPath 0
...o@@@@@@@@@@@@@@o......... 
           o                  
          @@o                 
          @@@                 
         o@@@.                
         @@@@@                
         @@@@@                
        .@@@@@.               
        @@@@@@@               
        @@@@@@@               
        @@@@@@@o              
       @@@@@@@@@              
       @@@@@@@@@.             
      .@@@@@@@@@@             
      @@@@@@@@@@@o            
     o@@@@@@@@@@@@.           
....o@@@@@@@@@@@@@@o......... 
mean = 43	std = 85	skewness = -0.38	kurtosis-3 = -2.9


root 19406
1 2
2 0
3 1
4 11
5 31
6 65
7 198
8 326
9 690
10 1303
11 2776
12 5950
13 10307
14 13824
15 14215
16 12489
17 8743
18 5164
19 2670
20 1167
21 450
22 146
23 47
24 11
25 5
26 1
27 1
infPath 0
                              
             .@@o             
            .@@@@@.           
...........o@@@@@@@o........  
mean = 15	std = 2.3	skewness = -0.12	kurtosis-3 = 0.64


root 85924
1 2
2 1
3 3
4 39
5 67
6 137
7 376
8 725
9 1548
10 2870
11 4946
12 8364
13 12519
14 15574
15 15355
16 13164
17 9070
18 5309
19 2740
20 1192
21 454
22 146
23 49
24 11
25 5
26 1
27 1
infPath 0
                              
             .oo.             
            o@@@@o            
..........o@@@@@@@@o........  
mean = 14	std = 2.5	skewness = -0.19	kurtosis-3 = 0.44


root 36320
1 3
2 16
3 40
4 185
5 390
6 1009
7 2437
8 4983
9 9084
10 13090
11 16156
12 18301
13 20067
14 20305
15 18028
16 14420
17 9621
18 5519
19 2805
20 1208
21 460
22 151
23 50
24 12
25 5
26 1
27 1
infPath 0
                              
             ..               
          oo@@@@o             
........o@@@@@@@@@o.........  
mean = 13	std = 2.9	skewness = -0.039	kurtosis-3 = -0.2
