0) 1 63 74 173 484 509 537 799 876 952 998 
1) 0 63 74 130 173 220 336 373 393 409 466 506 770 788 799 812 
2) 3 69 112 146 224 295 345 427 583 655 819 269 
3) 2 69 119 157 806 999 
4) 5 67 71 160 170 179 330 363 492 591 
5) 4 67 100 151 159 160 239 253 333 342 363 502 555 626 984 
6) 7 78 94 114 172 258 722 830 882 964 
7) 6 78 185 258 
8) 9 208 227 230 251 499 638 699 
9) 8 208 227 251 265 586 709 736 755 
10) 11 102 123 219 287 354 407 823 850 902 
11) 10 102 123 177 240 286 354 358 595 712 995 
12) 13 60 120 377 419 508 685 911 
13) 12 60 120 152 204 266 379 
14) 15 62 70 76 87 115 195 352 541 
15) 14 62 70 87 147 195 285 299 599 609 
16) 17 171 186 197 222 296 438 517 542 940 
17) 16 171 186 296 329 343 536 596 704 800 896 968 
18) 19 90 91 161 175 188 468 610 671 
19) 18 90 113 161 188 206 225 298 400 410 468 705 756 777 954 996 
20) 21 108 475 715 975 
21) 20 108 126 128 139 228 231 271 294 331 365 688 771 
22) 23 98 106 154 155 164 181 218 374 423 458 543 
23) 22 98 106 154 335 420 460 615 795 
24) 25 72 97 104 153 163 166 332 396 467 670 772 824 
25) 24 72 97 163 165 223 404 485 559 772 909 
26) 27 79 140 311 529 683 689 738 
27) 26 79 448 
28) 29 66 68 101 131 580 827 963 
29) 28 66 68 75 80 101 270 450 565 594 611 785 935 958 
30) 31 118 122 124 167 184 193 279 308 356 512 556 843 
31) 30 118 122 124 143 167 347 512 515 538 
32) 33 180 320 392 858 
33) 32 180 196 203 256 269 300 322 326 628 684 708 951 
34) 35 183 261 288 304 661 696 714 778 
35) 34 183 261 276 288 338 344 353 405 501 521 601 617 714 778 
36) 37 81 190 207 293 623 629 643 898 
37) 36 81 82 137 174 194 221 
38) 39 93 103 110 162 182 232 367 401 414 428 668 740 807 897 
39) 38 93 110 182 254 439 810 
40) 41 65 83 88 92 527 562 666 760 809 
41) 40 65 88 323 453 
42) 43 96 141 158 349 592 681 845 
43) 42 96 141 158 200 334 376 470 481 627 820 881 
44) 45 64 89 144 272 569 764 855 
45) 44 64 272 337 569 590 634 718 725 
46) 47 84 116 339 449 727 904 990 
47) 46 84 116 121 589 727 
48) 49 107 138 226 248 351 397 507 528 631 713 761 786 
49) 48 107 111 310 434 815 821 
50) 51 73 127 142 187 355 360 557 567 814 856 
51) 50 73 127 129 187 241 364 479 557 746 905 927 
52) 53 86 132 429 
53) 52 86 176 178 255 281 301 306 312 314 362 388 636 665 707 716 928 
54) 55 149 156 192 213 260 277 283 305 444 510 560 618 842 875 
55) 54 149 
56) 57 61 77 134 148 209 211 234 319 357 372 454 949 
57) 56 61 134 319 340 425 857 
58) 59 85 109 215 616 797 878 939 
59) 58 85 109 189 199 229 459 464 526 533 553 554 939 
60) 12 13 152 237 245 275 278 463 
61) 57 56 77 148 340 816 
62) 15 14 76 99 115 147 202 233 285 413 432 488 541 600 987 
63) 0 1 130 220 336 406 409 451 466 967 
64) 45 44 89 117 337 408 614 621 
65) 41 40 83 92 95 291 323 453 686 692 971 
66) 28 29 75 80 450 546 580 594 697 751 
67) 5 4 71 100 159 179 238 239 253 457 642 813 966 
68) 29 28 270 307 317 532 664 693 
69) 2 3 112 157 198 295 806 962 
70) 15 14 105 133 150 667 758 
71) 4 67 151 250 303 813 
72) 24 25 104 166 467 639 670 915 
73) 51 50 129 241 355 418 473 877 
74) 1 0 
75) 29 66 131 565 585 751 989 
76) 14 62 413 551 
77) 61 56 
78) 6 7 94 145 369 402 495 
79) 26 27 140 318 
80) 29 66 307 317 456 611 935 151 
81) 37 36 82 174 190 257 398 421 525 623 
82) 37 81 137 194 257 384 462 498 
83) 40 65 95 620 650 769 803 809 818 
84) 46 47 121 125 244 247 465 570 690 849 871 874 931 960 
85) 58 59 199 215 280 366 526 553 588 730 878 
86) 53 52 132 255 281 429 493 587 929 
87) 14 15 99 133 599 758 
88) 41 40 291 387 403 503 527 562 679 686 695 734 750 933 980 
89) 44 64 117 144 
90) 19 18 91 113 206 298 325 552 647 723 756 791 
91) 18 90 671 
92) 40 65 302 327 503 980 
93) 38 39 103 162 232 242 380 401 428 433 439 445 735 740 860 
94) 6 78 114 145 289 483 516 534 545 694 
95) 83 65 327 
96) 43 42 191 200 297 349 481 
97) 24 25 153 165 290 313 404 
98) 23 22 218 375 420 726 792 889 
99) 87 62 105 168 
100) 5 67 
101) 28 29 456 585 893 
102) 10 11 136 177 216 243 752 850 902 946 992 
103) 38 93 385 
104) 72 24 
105) 70 99 917 
106) 22 23 792 
107) 49 48 111 138 226 248 252 310 351 494 507 631 863 994 
108) 20 21 126 128 205 649 828 
109) 59 58 189 280 459 464 733 991 
110) 39 38 
111) 49 107 728 
112) 2 69 119 146 198 212 224 268 324 345 480 862 870 
113) 90 19 175 720 
114) 6 94 289 
115) 14 62 955 
116) 46 47 135 
117) 89 64 201 408 
118) 31 30 217 246 478 
119) 3 112 264 480 678 900 962 974 
120) 13 12 204 235 381 419 455 624 916 
121) 47 84 125 465 749 
122) 31 30 169 576 597 
123) 10 11 136 214 216 219 240 321 854 
124) 30 31 143 169 262 279 347 
125) 84 121 135 244 449 570 606 743 
126) 108 21 535 741 869 
127) 51 50 142 360 418 567 746 832 859 
128) 21 108 139 205 236 282 294 431 435 436 514 535 571 619 625 698 817 851 908 983 
129) 51 73 877 
130) 63 1 373 393 986 
131) 75 28 532 546 693 
132) 86 52 176 178 500 659 
133) 70 87 150 299 352 600 
134) 57 56 209 544 872 
135) 116 125 247 589 606 767 874 960 965 
136) 102 123 214 411 674 
137) 37 82 341 644 721 782 801 833 
138) 48 107 292 328 
139) 128 21 228 236 436 531 571 703 975 
140) 26 79 311 382 448 540 577 689 879 
141) 42 43 437 
142) 50 127 593 914 
143) 31 124 184 
144) 44 89 201 259 378 550 614 621 
145) 94 78 172 185 369 
146) 112 2 212 771 
147) 15 62 609 892 955 987 
148) 56 61 234 454 544 575 710 
149) 55 54 156 192 263 560 574 658 748 901 936 
150) 133 70 168 202 233 488 551 573 793 892 899 953 
151) 5 71 342 505 568 80 
152) 60 13 237 266 278 390 916 
153) 97 24 210 487 660 915 
154) 22 23 155 335 346 348 374 375 416 458 582 726 732 873 934 948 
155) 22 154 164 181 348 416 744 766 
156) 54 149 213 273 283 443 608 687 742 923 
157) 3 69 427 957 919 
158) 43 42 191 297 334 
159) 67 5 
160) 4 5 170 492 505 555 626 802 
161) 18 19 383 417 469 561 777 
162) 93 38 385 897 
163) 24 25 313 389 441 504 579 598 912 
164) 155 22 346 
165) 25 97 290 
166) 24 72 210 223 399 660 
167) 30 31 
168) 99 150 
169) 122 124 193 217 309 447 
170) 4 160 238 386 642 783 796 
171) 17 16 394 536 701 
172) 145 6 495 
173) 1 0 406 
174) 37 81 207 462 829 868 
175) 113 18 225 630 791 
176) 132 53 928 
177) 11 102 286 674 
178) 53 132 306 312 388 493 558 651 707 864 910 981 
179) 67 4 250 333 613 
180) 32 33 196 249 269 
181) 155 22 
182) 39 38 254 513 959 
183) 34 35 276 338 501 
184) 143 30 316 556 645 646 
185) 145 7 402 483 
186) 17 16 197 222 274 394 442 542 640 653 701 919 
187) 50 51 473 
188) 19 18 370 371 552 
189) 59 109 229 486 539 588 675 956 
190) 36 81 221 293 341 421 643 721 801 833 898 
191) 96 158 
192) 54 149 444 834 
193) 169 30 246 309 477 515 645 846 
194) 37 82 525 629 
195) 15 14 
196) 33 180 203 350 768 776 
197) 186 16 274 329 361 452 549 640 711 940 
198) 112 69 324 977 
199) 85 59 539 747 
200) 43 96 426 437 461 470 518 520 
201) 144 117 259 780 
202) 62 150 432 
203) 196 33 249 256 320 322 350 359 412 489 765 838 858 
204) 13 120 235 377 379 455 943 
205) 108 128 271 331 531 604 649 715 771 908 
206) 90 19 370 
207) 174 36 
208) 9 8 315 496 499 519 638 663 825 836 890 950 495 
209) 56 134 211 267 357 575 691 857 
210) 166 153 584 
211) 56 209 482 972 
212) 112 146 264 
213) 156 54 260 263 273 277 680 834 
214) 136 123 411 497 745 840 992 
215) 85 58 366 547 789 
216) 102 123 287 497 524 603 831 854 
217) 118 169 
218) 98 22 732 
219) 123 10 321 
220) 1 63 335 
221) 37 190 
222) 16 186 343 438 517 887 
223) 166 25 
224) 2 112 268 731 759 900 
225) 19 175 647 913 517 
226) 107 48 328 682 
227) 9 8 230 836 
228) 21 139 231 514 853 
229) 59 189 547 956 
230) 227 8 265 284 315 446 548 798 
231) 228 21 282 365 431 762 983 
232) 93 38 242 
233) 150 62 573 
234) 56 148 267 372 691 
235) 120 204 
236) 139 128 619 817 
237) 60 152 245 275 381 
238) 67 170 581 591 
239) 5 67 457 613 
240) 11 123 243 672 712 
241) 51 73 364 593 926 947 
242) 232 93 380 414 415 491 578 
243) 102 240 672 745 946 
244) 125 84 339 690 867 871 907 942 
245) 237 60 605 
246) 193 118 262 477 538 576 
247) 84 135 
248) 48 107 252 292 
249) 203 180 359 737 
250) 71 179 
251) 8 9 446 496 548 586 663 890 
252) 248 107 434 
253) 67 5 303 330 422 502 774 
254) 39 182 367 440 445 513 735 
255) 86 53 301 659 
256) 33 203 530 654 737 
257) 82 81 498 924 
258) 6 7 
259) 144 201 378 590 718 822 855 
260) 54 213 395 748 
261) 35 34 304 353 368 848 922 
262) 246 124 
263) 149 213 395 574 781 842 901 
264) 212 119 759 
265) 9 230 284 699 
266) 152 13 390 648 
267) 234 209 482 937 
268) 112 224 819 
269) 180 33 300 530 676 838 2 
270) 29 68 697 
271) 21 205 698 
272) 45 44 780 
273) 156 213 305 608 
274) 186 197 474 835 973 
275) 237 60 
276) 183 35 405 794 
277) 213 54 510 739 875 936 
278) 152 60 605 775 
279) 30 124 308 316 447 478 843 861 
280) 85 109 
281) 86 53 787 
282) 128 231 
283) 156 54 658 680 903 
284) 265 230 
285) 15 62 
286) 177 11 407 752 831 840 
287) 10 216 
288) 34 35 521 677 811 
289) 114 94 830 977 579 
290) 97 165 332 579 865 
291) 88 65 302 391 839 
292) 138 248 789 
293) 190 36 398 522 868 
294) 128 21 625 
295) 69 2 
296) 16 17 
297) 96 158 471 564 572 652 656 
298) 90 19 325 371 383 400 469 630 941 
299) 133 15 633 
300) 33 269 676 
301) 53 255 362 651 665 716 
302) 291 92 620 692 
303) 253 71 
304) 261 34 344 430 866 
305) 273 54 
306) 178 53 314 636 
307) 80 68 
308) 30 279 
309) 169 193 
310) 49 107 
311) 26 140 318 529 702 738 773 
312) 178 53 500 587 787 
313) 163 97 389 559 847 979 
314) 53 306 
315) 208 230 709 755 
316) 184 279 356 895 
317) 80 68 
318) 311 79 382 540 773 985 
319) 56 57 710 844 
320) 203 32 489 754 
321) 123 219 358 595 
322) 33 203 326 392 706 765 951 
323) 65 41 387 933 
324) 112 198 731 
325) 298 90 826 954 
326) 322 33 412 
327) 92 95 391 403 424 602 607 695 719 760 839 
328) 138 226 397 494 632 682 863 
329) 17 197 361 442 474 511 549 
330) 4 253 386 
331) 21 205 435 475 883 
332) 290 24 396 
333) 179 5 422 568 753 984 
334) 158 43 376 426 471 520 592 622 652 
335) 154 23 220 
336) 63 1 472 506 563 641 788 790 812 
337) 64 45 
338) 183 35 368 601 661 894 
339) 46 244 749 
340) 61 57 425 
341) 137 190 384 522 644 724 
342) 151 5 581 779 
343) 222 17 511 885 973 
344) 35 304 635 
345) 2 112 898 
346) 164 154 
347) 124 31 
348) 155 154 669 
349) 96 42 637 841 
350) 196 203 
351) 107 48 
352) 14 133 633 793 899 
353) 261 35 430 617 848 
354) 11 10 
355) 50 73 
356) 316 30 
357) 209 56 872 945 
358) 11 321 
359) 249 203 
360) 50 127 
361) 329 197 452 612 925 
362) 53 301 
363) 5 4 783 796 
364) 241 51 479 
365) 231 21 703 
366) 85 215 486 533 675 797 
367) 38 254 578 
368) 261 338 635 677 729 
369) 145 78 545 662 964 
370) 206 188 
371) 188 298 410 723 826 
372) 56 234 972 
373) 1 130 484 563 641 700 982 
374) 22 154 423 460 744 
375) 154 98 543 615 
376) 43 334 461 906 
377) 12 204 463 490 911 
378) 259 144 550 
379) 13 204 
380) 242 93 
381) 120 237 
382) 318 140 577 702 921 
383) 161 298 913 
384) 341 82 
385) 162 103 415 433 
386) 170 330 
387) 88 323 
388) 178 53 
389) 313 163 441 639 673 763 808 
390) 266 152 508 775 483 
391) 291 327 602 666 880 
392) 322 32 706 768 
393) 130 1 888 
394) 171 186 
395) 260 263 443 618 938 
396) 332 24 399 487 
397) 328 48 
398) 293 81 997 
399) 396 166 476 763 808 979 
400) 19 298 610 
401) 93 38 
402) 185 78 516 882 
403) 88 327 424 
404) 97 25 476 
405) 35 276 696 866 
406) 63 173 451 509 537 790 
407) 286 10 524 
408) 117 64 634 
409) 63 1 
410) 19 371 417 996 
411) 136 214 995 
412) 203 326 
413) 62 76 917 953 
414) 38 242 
415) 385 242 491 668 959 
416) 154 155 873 
417) 410 161 
418) 73 127 566 914 
419) 12 120 
420) 23 98 766 969 
421) 81 190 724 
422) 253 333 
423) 22 374 582 969 
424) 327 403 
425) 340 57 596 
426) 334 200 518 
427) 157 2 655 
428) 38 93 
429) 52 86 
430) 304 353 852 
431) 231 128 883 
432) 202 62 
433) 93 385 440 523 807 810 
434) 252 49 994 
435) 128 331 604 
436) 128 139 762 
437) 200 141 564 757 
438) 16 222 711 800 837 968 
439) 93 39 
440) 433 254 
441) 163 389 504 865 
442) 186 329 
443) 156 395 
444) 54 192 687 
445) 254 93 860 862 
446) 230 251 519 886 
447) 279 169 
448) 27 140 
449) 46 125 767 849 907 
450) 66 29 784 
451) 63 406 472 952 
452) 361 197 596 653 704 805 
453) 65 41 734 750 978 
454) 56 148 816 
455) 120 204 
456) 80 101 664 827 
457) 239 67 
458) 22 154 
459) 59 109 747 
460) 23 374 
461) 200 376 622 
462) 82 174 
463) 60 377 490 
464) 59 109 991 
465) 121 84 
466) 63 1 700 
467) 24 72 584 
468) 18 19 
469) 298 161 561 
470) 200 43 656 
471) 297 334 627 637 
472) 451 336 986 
473) 187 73 566 814 832 
474) 274 329 
475) 20 331 
476) 399 404 485 
477) 193 246 
478) 279 118 597 
479) 364 51 
480) 119 112 583 957 
481) 43 96 
482) 267 211 937 949 
483) 94 185 722 390 
484) 0 373 998 
485) 25 476 
486) 366 189 616 
487) 153 396 
488) 150 62 
489) 320 203 628 684 754 
490) 377 463 624 648 
491) 242 415 523 
492) 4 160 
493) 178 86 910 
494) 107 328 528 632 713 761 815 
495) 78 172 534 662 208 
496) 251 208 
497) 214 216 
498) 257 82 
499) 208 8 
500) 132 312 558 
501) 35 183 729 
502) 5 253 
503) 88 92 607 679 818 971 
504) 441 163 
505) 160 151 774 862 
506) 1 336 770 876 
507) 107 48 786 
508) 12 390 
509) 0 406 
510) 277 54 
511) 329 343 
512) 30 31 
513) 254 182 
514) 228 128 688 
515) 31 193 846 888 
516) 94 402 
517) 222 16 837 225 
518) 200 426 572 820 841 845 881 906 
519) 208 446 920 
520) 334 200 681 
521) 35 288 
522) 341 293 997 
523) 433 491 
524) 216 407 603 
525) 194 81 
526) 85 59 
527) 88 40 650 
528) 494 48 728 
529) 26 311 
530) 256 269 654 717 
531) 205 139 
532) 68 131 
533) 59 366 
534) 495 94 
535) 126 128 
536) 17 171 
537) 0 406 967 674 
538) 31 246 861 
539) 189 199 730 
540) 318 140 683 887 985 988 
541) 14 62 
542) 186 16 
543) 22 375 
544) 134 148 
545) 94 369 694 
546) 131 66 958 
547) 215 229 554 
548) 251 230 736 825 
549) 197 329 612 805 835 919 
550) 144 378 
551) 150 76 
552) 90 188 
553) 85 59 
554) 547 59 
555) 5 160 753 
556) 184 30 
557) 51 50 930 
558) 178 500 929 
559) 25 313 909 
560) 54 149 657 
561) 161 469 
562) 40 88 769 880 
563) 373 336 667 
564) 437 297 
565) 29 75 
566) 418 473 
567) 50 127 
568) 151 333 
569) 45 44 
570) 84 125 
571) 128 139 
572) 518 297 
573) 150 233 
574) 263 149 739 
575) 209 148 
576) 122 246 646 
577) 382 140 887 
578) 242 367 
579) 290 163 673 289 
580) 28 66 
581) 342 238 966 
582) 423 154 
583) 2 480 
584) 467 210 598 
585) 101 75 
586) 9 251 
587) 86 312 864 981 
588) 189 85 733 
589) 135 47 743 904 
590) 259 45 725 
591) 4 238 779 
592) 334 42 
593) 241 142 
594) 66 29 891 
595) 11 321 
596) 17 452 885 425 
597) 122 478 918 
598) 584 163 
599) 87 15 
600) 133 62 
601) 338 35 794 811 
602) 391 327 
603) 216 524 
604) 435 205 851 
605) 278 245 685 
606) 125 135 
607) 503 327 
608) 273 156 
609) 15 147 667 
610) 400 18 
611) 29 80 784 891 963 
612) 549 361 896 925 
613) 239 179 
614) 144 64 764 
615) 375 23 669 
616) 486 58 
617) 353 35 852 
618) 395 54 657 742 781 
619) 128 236 
620) 83 302 803 
621) 64 144 
622) 461 334 
623) 81 36 
624) 490 120 
625) 128 294 869 
626) 5 160 
627) 43 471 
628) 489 33 
629) 194 36 782 
630) 298 175 720 804 
631) 107 48 789 821 
632) 328 494 
633) 352 299 
634) 408 45 
635) 368 344 894 
636) 53 306 
637) 471 349 
638) 8 208 950 
639) 389 72 
640) 186 197 
641) 336 373 
642) 67 170 
643) 36 190 
644) 137 341 829 
645) 184 193 
646) 184 576 
647) 225 90 961 
648) 490 266 
649) 205 108 
650) 83 527 
651) 178 301 
652) 334 297 
653) 186 452 
654) 530 256 
655) 2 427 678 977 
656) 297 470 757 
657) 560 618 
658) 283 149 
659) 255 132 
660) 153 166 
661) 34 338 
662) 495 369 
663) 208 251 798 
664) 456 68 
665) 301 53 
666) 40 391 
667) 609 70 563 
668) 38 415 
669) 348 615 795 
670) 72 24 
671) 18 91 705 
672) 243 240 
673) 389 579 
674) 136 177 823 944 537 
675) 366 189 
676) 300 269 708 
677) 368 288 678 
678) 655 119 677 
679) 88 503 719 
680) 213 283 903 932 
681) 42 520 
682) 328 226 
683) 540 26 
684) 489 33 
685) 605 12 
686) 65 88 978 
687) 156 444 932 
688) 21 514 884 
689) 26 140 879 
690) 244 84 
691) 234 209 
692) 65 302 
693) 68 131 
694) 94 545 
695) 88 327 
696) 34 405 
697) 66 270 893 
698) 128 271 741 
699) 265 8 
700) 466 373 982 
701) 171 186 
702) 382 311 
703) 365 139 
704) 452 17 
705) 671 19 
706) 392 322 717 776 
707) 53 178 
708) 33 676 
709) 315 9 
710) 148 319 945 
711) 197 438 
712) 240 11 
713) 494 48 
714) 35 34 
715) 20 205 853 
716) 53 301 
717) 706 530 
718) 259 45 
719) 327 679 
720) 113 630 
721) 190 137 
722) 483 6 
723) 90 371 
724) 341 421 924 
725) 45 590 
726) 154 98 
727) 46 47 867 
728) 528 111 
729) 501 368 
730) 539 85 
731) 224 324 
732) 218 154 948 
733) 588 109 
734) 88 453 
735) 93 254 
736) 548 9 886 
737) 256 249 
738) 311 26 921 
739) 574 277 
740) 38 93 
741) 698 126 
742) 618 156 
743) 125 589 
744) 155 374 
745) 243 214 944 
746) 127 51 
747) 199 459 976 
748) 149 260 938 
749) 339 121 
750) 453 88 
751) 66 75 
752) 102 286 
753) 555 333 802 
754) 320 489 
755) 315 9 
756) 90 19 961 
757) 656 437 
758) 70 87 
759) 224 264 862 870 
760) 327 40 
761) 48 494 
762) 231 436 
763) 399 389 824 912 
764) 614 44 
765) 322 203 
766) 155 420 889 934 
767) 449 135 
768) 196 392 
769) 562 83 
770) 506 1 
771) 205 21 828 146 
772) 25 24 847 
773) 311 318 
774) 253 505 
775) 390 278 
776) 706 196 
777) 161 19 804 
778) 34 35 
779) 591 342 
780) 272 201 822 
781) 263 618 
782) 629 137 
783) 170 363 
784) 450 611 785 
785) 784 29 989 
786) 48 507 
787) 312 281 
788) 336 1 
789) 292 631 215 
790) 336 406 888 
791) 175 90 
792) 106 98 
793) 150 352 
794) 601 276 
795) 669 23 
796) 363 170 
797) 58 366 976 
798) 663 230 
799) 0 1 
800) 17 438 
801) 137 190 
802) 160 753 
803) 83 620 
804) 777 630 941 
805) 452 549 
806) 3 69 999 
807) 433 38 
808) 389 399 
809) 40 83 
810) 39 433 
811) 288 601 
812) 1 336 
813) 71 67 
814) 50 473 859 905 927 
815) 494 49 
816) 454 61 844 
817) 236 128 
818) 83 503 
819) 268 2 
820) 518 43 
821) 631 49 
822) 259 780 
823) 10 674 
824) 763 24 
825) 208 548 920 
826) 371 325 
827) 28 456 
828) 108 771 
829) 644 174 
830) 6 289 
831) 216 286 
832) 127 473 856 
833) 190 137 
834) 192 213 
835) 549 274 
836) 208 227 
837) 438 517 
838) 269 203 
839) 327 291 
840) 214 286 
841) 518 349 
842) 263 54 
843) 279 30 
844) 816 319 
845) 518 42 
846) 193 515 918 
847) 313 772 
848) 353 261 
849) 84 449 942 
850) 10 102 
851) 604 128 
852) 430 617 922 
853) 715 228 884 
854) 216 123 
855) 44 259 
856) 832 50 926 
857) 57 209 
858) 32 203 
859) 814 127 947 
860) 445 93 
861) 279 538 895 
862) 759 112 974 505 445 
863) 107 328 
864) 178 587 
865) 441 290 
866) 304 405 
867) 244 727 965 
868) 293 174 
869) 126 625 
870) 759 112 
871) 84 244 
872) 357 134 
873) 416 154 
874) 135 84 
875) 54 277 
876) 506 0 
877) 129 73 
878) 85 58 
879) 140 689 
880) 391 562 970 
881) 518 43 
882) 402 6 
883) 331 431 
884) 853 688 
885) 596 343 
886) 736 446 
887) 540 577 988 222 
888) 393 790 515 
889) 98 766 
890) 208 251 
891) 611 594 
892) 147 150 
893) 101 697 
894) 635 338 
895) 316 861 
896) 612 17 
897) 162 38 
898) 36 190 345 
899) 352 150 
900) 224 119 
901) 149 263 
902) 10 102 
903) 680 283 923 
904) 589 46 931 
905) 51 814 993 
906) 376 518 
907) 449 244 
908) 128 205 
909) 559 25 
910) 178 493 
911) 12 377 
912) 763 163 
913) 225 383 
914) 142 418 930 
915) 153 72 
916) 152 120 943 
917) 105 413 
918) 846 597 
919) 186 549 157 
920) 825 519 
921) 738 382 
922) 852 261 
923) 903 156 
924) 724 257 
925) 361 612 
926) 856 241 
927) 51 814 993 
928) 176 53 
929) 86 558 
930) 557 914 
931) 904 84 
932) 687 680 
933) 323 88 970 
934) 154 766 
935) 29 80 
936) 149 277 
937) 482 267 
938) 748 395 
939) 58 59 
940) 16 197 
941) 804 298 
942) 849 244 
943) 204 916 
944) 674 745 
945) 710 357 
946) 243 102 
947) 241 859 
948) 154 732 
949) 56 482 
950) 638 208 
951) 33 322 
952) 0 451 
953) 150 413 
954) 325 19 
955) 115 147 
956) 189 229 
957) 157 480 
958) 546 29 
959) 182 415 
960) 84 135 
961) 756 647 
962) 119 69 
963) 611 28 
964) 6 369 
965) 867 135 990 
966) 581 67 
967) 537 63 
968) 438 17 
969) 423 420 
970) 933 880 
971) 503 65 
972) 372 211 
973) 343 274 
974) 119 862 
975) 139 20 
976) 747 797 
977) 198 655 289 
978) 686 453 
979) 399 313 
980) 88 92 
981) 587 178 
982) 700 373 
983) 128 231 
984) 333 5 
985) 540 318 
986) 130 472 
987) 147 62 
988) 540 887 
989) 75 785 
990) 46 965 
991) 464 109 
992) 102 214 
993) 905 927 
994) 107 434 
995) 411 11 
996) 19 410 
997) 522 398 
998) 484 0 
999) 3 806 
